0 0 0 0 0 0 0 0 0 0 0 0 0 0 0 0 0 0
0 0 0 0 0 0 0 0 0 0 0 0 0 0 0 0 0 0
0 0 0 0 0 4 0 5 5 7 0 0 11 10 13 13 0 0
0 0 0 3 3 4 4 5 7 7 8 0 11 10 13 13 13 0
0 0 0 0 3 3 7 5 7 7 8 0 11 11 13 13 13 0
0 1 1 0 0 3 7 7 7 7 8 11 11 11 12 13 13 0
0 1 1 2 0 3 7 7 7 7 8 11 11 11 12 13 0 0
0 0 2 2 2 2 7 7 7 7 8 11 11 12 12 14 0 0
0 0 2 2 2 2 7 7 7 7 11 11 11 11 16 14 14 0
0 2 2 2 2 6 6 6 9 9 9 9 0 16 16 14 14 0
0 0 2 0 2 6 6 6 9 9 9 9 0 16 16 15 0 0
0 0 2 0 0 6 6 6 9 9 9 0 0 16 16 15 15 0
0 0 2 2 0 6 6 0 0 0 0 0 16 16 17 15 15 0
0 0 0 0 0 6 0 0 0 0 0 16 16 0 17 17 17 0
0 0 0 0 0 0 0 0 0 0 0 0 0 0 0 0 0 0
0 0 0 0 0 0 0 0 0 0 0 0 0 0 0 0 0 0